0 361
0 362
0 363
0 361
0 362
0 363
0 361
0 362
0 363
0 469
0 470
1 65
1 66
1 67
1 65
1 66
1 67
1 65
1 66
1 67
1 106
1 107
2 100
2 101
2 102
2 100
2 101
2 102
2 100
2 101
2 102
2 114
2 115
3 282
3 283
3 284
3 282
3 283
3 284
3 282
3 283
3 284
3 89
3 90
4 370
4 371
4 372
4 370
4 371
4 372
4 370
4 371
4 372
4 476
4 477
5 12
5 13
5 14
5 12
5 13
5 14
5 12
5 13
5 14
5 226
5 227
6 45
6 46
6 47
6 45
6 46
6 47
6 45
6 46
6 47
6 41
6 42
7 603
7 604
7 605
7 603
7 604
7 605
7 603
7 604
7 605
7 583
7 584
8 217
8 218
8 219
8 217
8 218
8 219
8 217
8 218
8 219
8 259
8 260
9 233
9 234
9 235
9 233
9 234
9 235
9 233
9 234
9 235
9 2
9 3
0 361
0 362
0 363
0 361
0 362
0 363
0 361
0 362
0 363
0 432
0 433
1 65
1 66
1 67
1 65
1 66
1 67
1 65
1 66
1 67
1 160
1 161
2 100
2 101
2 102
2 100
2 101
2 102
2 100
2 101
2 102
2 65
2 66
3 282
3 283
3 284
3 282
3 283
3 284
3 282
3 283
3 284
3 234
3 235
4 370
4 371
4 372
4 370
4 371
4 372
4 370
4 371
4 372
4 1
4 2
5 12
5 13
5 14
5 12
5 13
5 14
5 12
5 13
5 14
5 46
5 47
6 45
6 46
6 47
6 45
6 46
6 47
6 45
6 46
6 47
6 47
6 48
7 603
7 604
7 605
7 603
7 604
7 605
7 603
7 604
7 605
7 95
7 96
8 217
8 218
8 219
8 217
8 218
8 219
8 217
8 218
8 219
8 109
8 110
9 233
9 234
9 235
9 233
9 234
9 235
9 233
9 234
9 235
9 354
9 355
0 361
0 362
0 363
0 361
0 362
0 363
0 361
0 362
0 363
0 140
0 141
1 65
1 66
1 67
1 65
1 66
1 67
1 65
1 66
1 67
1 200
1 201
2 100
2 101
2 102
2 100
2 101
2 102
2 100
2 101
2 102
2 119
2 120
3 282
3 283
3 284
3 282
3 283
3 284
3 282
3 283
3 284
3 140
3 141
4 370
4 371
4 372
4 370
4 371
4 372
4 370
4 371
4 372
4 532
4 533
5 12
5 13
5 14
5 12
5 13
5 14
5 12
5 13
5 14
5 90
5 91
6 45
6 46
6 47
6 45
6 46
6 47
6 45
6 46
6 47
6 134
6 135
7 603
7 604
7 605
7 603
7 604
7 605
7 603
7 604
7 605
7 109
7 110
8 217
8 218
8 219
8 217
8 218
8 219
8 217
8 218
8 219
8 208
8 209
9 233
9 234
9 235
9 233
9 234
9 235
9 233
9 234
9 235
9 51
9 52
0 361
0 362
0 363
0 361
0 362
0 363
0 361
0 362
0 363
0 42
0 43
1 65
1 66
1 67
1 65
1 66
1 67
1 65
1 66
1 67
1 15
1 16
2 100
2 101
2 102
2 100
2 101
2 102
2 100
2 101
2 102
2 59
2 60
3 282
3 283
3 284
3 282
3 283
3 284
3 282
3 283
3 284
3 108
3 109
4 370
4 371
4 372
4 370
4 371
4 372
4 370
4 371
4 372
4 556
4 557
5 12
5 13
5 14
5 12
5 13
5 14
5 12
5 13
5 14
5 135
5 136
6 45
6 46
6 47
6 45
6 46
6 47
6 45
6 46
6 47
6 75
6 76
7 603
7 604
7 605
7 603
7 604
7 605
7 603
7 604
7 605
7 277
7 278
8 217
8 218
8 219
8 217
8 218
8 219
8 217
8 218
8 219
8 240
8 241
9 233
9 234
9 235
9 233
9 234
9 235
9 233
9 234
9 235
9 406
9 407
0 361
0 362
0 363
0 361
0 362
0 363
0 361
0 362
0 363
0 381
0 382
1 65
1 66
1 67
1 65
1 66
1 67
1 65
1 66
1 67
1 53
1 54
2 100
2 101
2 102
2 100
2 101
2 102
2 100
2 101
2 102
2 166
2 167
3 282
3 283
3 284
3 282
3 283
3 284
3 282
3 283
3 284
3 198
3 199
4 370
4 371
4 372
4 370
4 371
4 372
4 370
4 371
4 372
4 389
4 390
5 12
5 13
5 14
5 12
5 13
5 14
5 12
5 13
5 14
5 219
5 220
6 45
6 46
6 47
6 45
6 46
6 47
6 45
6 46
6 47
6 305
6 306
7 603
7 604
7 605
7 603
7 604
7 605
7 603
7 604
7 605
7 26
7 27
8 217
8 218
8 219
8 217
8 218
8 219
8 217
8 218
8 219
8 269
8 270
9 233
9 234
9 235
9 233
9 234
9 235
9 233
9 234
9 235
9 384
9 385
0 361
0 362
0 363
0 361
0 362
0 363
0 361
0 362
0 363
0 333
0 334
1 65
1 66
1 67
1 65
1 66
1 67
1 65
1 66
1 67
1 154
1 155
2 100
2 101
2 102
2 100
2 101
2 102
2 100
2 101
2 102
2 186
2 187
3 282
3 283
3 284
3 282
3 283
3 284
3 282
3 283
3 284
3 252
3 253
4 370
4 371
4 372
4 370
4 371
4 372
4 370
4 371
4 372
4 596
4 597
5 12
5 13
5 14
5 12
5 13
5 14
5 12
5 13
5 14
5 118
5 119
6 45
6 46
6 47
6 45
6 46
6 47
6 45
6 46
6 47
6 244
6 245
7 603
7 604
7 605
7 603
7 604
7 605
7 603
7 604
7 605
7 450
7 451
8 217
8 218
8 219
8 217
8 218
8 219
8 217
8 218
8 219
8 192
8 193
9 233
9 234
9 235
9 233
9 234
9 235
9 233
9 234
9 235
9 138
9 139
0 361
0 362
0 363
0 361
0 362
0 363
0 361
0 362
0 363
0 54
0 55
1 65
1 66
1 67
1 65
1 66
1 67
1 65
1 66
1 67
1 71
1 72
2 100
2 101
2 102
2 100
2 101
2 102
2 100
2 101
2 102
2 303
2 304
3 282
3 283
3 284
3 282
3 283
3 284
3 282
3 283
3 284
3 113
3 114
4 370
4 371
4 372
4 370
4 371
4 372
4 370
4 371
4 372
4 430
4 431
5 12
5 13
5 14
5 12
5 13
5 14
5 12
5 13
5 14
5 161
5 162
6 45
6 46
6 47
6 45
6 46
6 47
6 45
6 46
6 47
6 199
6 200
7 603
7 604
7 605
7 603
7 604
7 605
7 603
7 604
7 605
7 515
7 516
8 217
8 218
8 219
8 217
8 218
8 219
8 217
8 218
8 219
8 313
8 314
9 233
9 234
9 235
9 233
9 234
9 235
9 233
9 234
9 235
9 419
9 420
0 361
0 362
0 363
0 361
0 362
0 363
0 361
0 362
0 363
0 71
0 72
1 65
1 66
1 67
1 65
1 66
1 67
1 65
1 66
1 67
1 172
1 173
2 100
2 101
2 102
2 100
2 101
2 102
2 100
2 101
2 102
2 74
2 75
3 282
3 283
3 284
3 282
3 283
3 284
3 282
3 283
3 284
3 289
3 290
4 370
4 371
4 372
4 370
4 371
4 372
4 370
4 371
4 372
4 420
4 421
5 12
5 13
5 14
5 12
5 13
5 14
5 12
5 13
5 14
5 14
5 15
6 45
6 46
6 47
6 45
6 46
6 47
6 45
6 46
6 47
6 358
6 359
7 603
7 604
7 605
7 603
7 604
7 605
7 603
7 604
7 605
7 365
7 366
8 217
8 218
8 219
8 217
8 218
8 219
8 217
8 218
8 219
8 67
8 68
9 233
9 234
9 235
9 233
9 234
9 235
9 233
9 234
9 235
9 24
9 25
0 361
0 362
0 363
0 361
0 362
0 363
0 361
0 362
0 363
0 151
0 152
1 65
1 66
1 67
1 65
1 66
1 67
1 65
1 66
1 67
1 77
1 78
2 100
2 101
2 102
2 100
2 101
2 102
2 100
2 101
2 102
2 80
2 81
3 282
3 283
3 284
3 282
3 283
3 284
3 282
3 283
3 284
3 137
3 138
4 370
4 371
4 372
4 370
4 371
4 372
4 370
4 371
4 372
4 530
4 531
5 12
5 13
5 14
5 12
5 13
5 14
5 12
5 13
5 14
5 276
5 277
6 45
6 46
6 47
6 45
6 46
6 47
6 45
6 46
6 47
6 327
6 328
7 603
7 604
7 605
7 603
7 604
7 605
7 603
7 604
7 605
7 474
7 475
8 217
8 218
8 219
8 217
8 218
8 219
8 217
8 218
8 219
8 218
8 219
9 233
9 234
9 235
9 233
9 234
9 235
9 233
9 234
9 235
9 286
9 287
0 361
0 362
0 363
0 361
0 362
0 363
0 361
0 362
0 363
0 464
0 465
1 65
1 66
1 67
1 65
1 66
1 67
1 65
1 66
1 67
1 82
1 83
2 100
2 101
2 102
2 100
2 101
2 102
2 100
2 101
2 102
2 208
2 209
3 282
3 283
3 284
3 282
3 283
3 284
3 282
3 283
3 284
3 219
3 220
4 370
4 371
4 372
4 370
4 371
4 372
4 370
4 371
4 372
4 96
4 97
5 12
5 13
5 14
5 12
5 13
5 14
5 12
5 13
5 14
5 38
5 39
6 45
6 46
6 47
6 45
6 46
6 47
6 45
6 46
6 47
6 370
6 371
7 603
7 604
7 605
7 603
7 604
7 605
7 603
7 604
7 605
7 447
7 448
8 217
8 218
8 219
8 217
8 218
8 219
8 217
8 218
8 219
8 270
8 271
9 233
9 234
9 235
9 233
9 234
9 235
9 233
9 234
9 235
9 271
9 272
0 361
0 362
0 363
0 361
0 362
0 363
0 361
0 362
0 363
0 416
0 417
1 65
1 66
1 67
1 65
1 66
1 67
1 65
1 66
1 67
1 126
1 127
2 100
2 101
2 102
2 100
2 101
2 102
2 100
2 101
2 102
2 393
2 394
3 282
3 283
3 284
3 282
3 283
3 284
3 282
3 283
3 284
3 143
3 144
4 370
4 371
4 372
4 370
4 371
4 372
4 370
4 371
4 372
4 417
4 418
5 12
5 13
5 14
5 12
5 13
5 14
5 12
5 13
5 14
5 165
5 166
6 45
6 46
6 47
6 45
6 46
6 47
6 45
6 46
6 47
6 269
6 270
7 603
7 604
7 605
7 603
7 604
7 605
7 603
7 604
7 605
7 627
7 628
8 217
8 218
8 219
8 217
8 218
8 219
8 217
8 218
8 219
8 103
8 104
9 233
9 234
9 235
9 233
9 234
9 235
9 233
9 234
9 235
9 103
9 104
0 361
0 362
0 363
0 361
0 362
0 363
0 361
0 362
0 363
0 301
0 302
1 65
1 66
1 67
1 65
1 66
1 67
1 65
1 66
1 67
1 184
1 185
2 100
2 101
2 102
2 100
2 101
2 102
2 100
2 101
2 102
2 81
2 82
3 282
3 283
3 284
3 282
3 283
3 284
3 282
3 283
3 284
3 233
3 234
4 370
4 371
4 372
4 370
4 371
4 372
4 370
4 371
4 372
4 474
4 475
5 12
5 13
5 14
5 12
5 13
5 14
5 12
5 13
5 14
5 263
5 264
6 45
6 46
6 47
6 45
6 46
6 47
6 45
6 46
6 47
6 311
6 312
7 603
7 604
7 605
7 603
7 604
7 605
7 603
7 604
7 605
7 581
7 582
8 217
8 218
8 219
8 217
8 218
8 219
8 217
8 218
8 219
8 274
8 275
9 233
9 234
9 235
9 233
9 234
9 235
9 233
9 234
9 235
9 139
9 140
0 361
0 362
0 363
0 361
0 362
0 363
0 361
0 362
0 363
0 20
0 21
1 65
1 66
1 67
1 65
1 66
1 67
1 65
1 66
1 67
1 54
1 55
2 100
2 101
2 102
2 100
2 101
2 102
2 100
2 101
2 102
2 272
2 273
3 282
3 283
3 284
3 282
3 283
3 284
3 282
3 283
3 284
3 128
3 129
4 370
4 371
4 372
4 370
4 371
4 372
4 370
4 371
4 372
4 475
4 476
5 12
5 13
5 14
5 12
5 13
5 14
5 12
5 13
5 14
5 170
5 171
6 45
6 46
6 47
6 45
6 46
6 47
6 45
6 46
6 47
6 258
6 259
7 603
7 604
7 605
7 603
7 604
7 605
7 603
7 604
7 605
7 356
7 357
8 217
8 218
8 219
8 217
8 218
8 219
8 217
8 218
8 219
8 42
8 43
9 233
9 234
9 235
9 233
9 234
9 235
9 233
9 234
9 235
9 475
9 476
0 361
0 362
0 363
0 361
0 362
0 363
0 361
0 362
0 363
0 429
0 430
1 65
1 66
1 67
1 65
1 66
1 67
1 65
1 66
1 67
1 85
1 86
2 100
2 101
2 102
2 100
2 101
2 102
2 100
2 101
2 102
2 103
2 104
3 282
3 283
3 284
3 282
3 283
3 284
3 282
3 283
3 284
3 222
3 223
4 370
4 371
4 372
4 370
4 371
4 372
4 370
4 371
4 372
4 328
4 329
5 12
5 13
5 14
5 12
5 13
5 14
5 12
5 13
5 14
5 120
5 121
6 45
6 46
6 47
6 45
6 46
6 47
6 45
6 46
6 47
6 119
6 120
7 603
7 604
7 605
7 603
7 604
7 605
7 603
7 604
7 605
7 589
7 590
8 217
8 218
8 219
8 217
8 218
8 219
8 217
8 218
8 219
8 302
8 303
9 233
9 234
9 235
9 233
9 234
9 235
9 233
9 234
9 235
9 172
9 173
0 361
0 362
0 363
0 361
0 362
0 363
0 361
0 362
0 363
0 443
0 444
1 65
1 66
1 67
1 65
1 66
1 67
1 65
1 66
1 67
1 50
1 51
2 100
2 101
2 102
2 100
2 101
2 102
2 100
2 101
2 102
2 257
2 258
3 282
3 283
3 284
3 282
3 283
3 284
3 282
3 283
3 284
3 76
3 77
4 370
4 371
4 372
4 370
4 371
4 372
4 370
4 371
4 372
4 583
4 584
5 12
5 13
5 14
5 12
5 13
5 14
5 12
5 13
5 14
5 231
5 232
6 45
6 46
6 47
6 45
6 46
6 47
6 45
6 46
6 47
6 19
6 20
7 603
7 604
7 605
7 603
7 604
7 605
7 603
7 604
7 605
7 444
7 445
8 217
8 218
8 219
8 217
8 218
8 219
8 217
8 218
8 219
8 69
8 70
9 233
9 234
9 235
9 233
9 234
9 235
9 233
9 234
9 235
9 180
9 181
0 361
0 362
0 363
0 361
0 362
0 363
0 361
0 362
0 363
0 385
0 386
1 65
1 66
1 67
1 65
1 66
1 67
1 65
1 66
1 67
1 34
1 35
2 100
2 101
2 102
2 100
2 101
2 102
2 100
2 101
2 102
2 286
2 287
3 282
3 283
3 284
3 282
3 283
3 284
3 282
3 283
3 284
3 157
3 158
4 370
4 371
4 372
4 370
4 371
4 372
4 370
4 371
4 372
4 364
4 365
5 12
5 13
5 14
5 12
5 13
5 14
5 12
5 13
5 14
5 112
5 113
6 45
6 46
6 47
6 45
6 46
6 47
6 45
6 46
6 47
6 299
6 300
7 603
7 604
7 605
7 603
7 604
7 605
7 603
7 604
7 605
7 34
7 35
8 217
8 218
8 219
8 217
8 218
8 219
8 217
8 218
8 219
8 225
8 226
9 233
9 234
9 235
9 233
9 234
9 235
9 233
9 234
9 235
9 348
9 349
0 361
0 362
0 363
0 361
0 362
0 363
0 361
0 362
0 363
0 109
0 110
1 65
1 66
1 67
1 65
1 66
1 67
1 65
1 66
1 67
1 49
1 50
2 100
2 101
2 102
2 100
2 101
2 102
2 100
2 101
2 102
2 284
2 285
3 282
3 283
3 284
3 282
3 283
3 284
3 282
3 283
3 284
3 12
3 13
4 370
4 371
4 372
4 370
4 371
4 372
4 370
4 371
4 372
4 223
4 224
5 12
5 13
5 14
5 12
5 13
5 14
5 12
5 13
5 14
5 64
5 65
6 45
6 46
6 47
6 45
6 46
6 47
6 45
6 46
6 47
6 52
6 53
7 603
7 604
7 605
7 603
7 604
7 605
7 603
7 604
7 605
7 162
7 163
8 217
8 218
8 219
8 217
8 218
8 219
8 217
8 218
8 219
8 9
8 10
9 233
9 234
9 235
9 233
9 234
9 235
9 233
9 234
9 235
9 431
9 432
0 361
0 362
0 363
0 361
0 362
0 363
0 361
0 362
0 363
0 35
0 36
1 65
1 66
1 67
1 65
1 66
1 67
1 65
1 66
1 67
1 249
1 250
2 100
2 101
2 102
2 100
2 101
2 102
2 100
2 101
2 102
2 383
2 384
3 282
3 283
3 284
3 282
3 283
3 284
3 282
3 283
3 284
3 44
3 45
4 370
4 371
4 372
4 370
4 371
4 372
4 370
4 371
4 372
4 327
4 328
5 12
5 13
5 14
5 12
5 13
5 14
5 12
5 13
5 14
5 266
5 267
6 45
6 46
6 47
6 45
6 46
6 47
6 45
6 46
6 47
6 307
6 308
7 603
7 604
7 605
7 603
7 604
7 605
7 603
7 604
7 605
7 266
7 267
8 217
8 218
8 219
8 217
8 218
8 219
8 217
8 218
8 219
8 297
8 298
9 233
9 234
9 235
9 233
9 234
9 235
9 233
9 234
9 235
9 243
9 244
0 361
0 362
0 363
0 361
0 362
0 363
0 361
0 362
0 363
0 248
0 249
1 65
1 66
1 67
1 65
1 66
1 67
1 65
1 66
1 67
1 198
1 199
2 100
2 101
2 102
2 100
2 101
2 102
2 100
2 101
2 102
2 380
2 381
3 282
3 283
3 284
3 282
3 283
3 284
3 282
3 283
3 284
3 235
3 236
4 370
4 371
4 372
4 370
4 371
4 372
4 370
4 371
4 372
4 357
4 358
5 12
5 13
5 14
5 12
5 13
5 14
5 12
5 13
5 14
5 196
5 197
6 45
6 46
6 47
6 45
6 46
6 47
6 45
6 46
6 47
6 357
6 358
7 603
7 604
7 605
7 603
7 604
7 605
7 603
7 604
7 605
7 87
7 88
8 217
8 218
8 219
8 217
8 218
8 219
8 217
8 218
8 219
8 221
8 222
9 233
9 234
9 235
9 233
9 234
9 235
9 233
9 234
9 235
9 67
9 68
0 361
0 362
0 363
0 361
0 362
0 363
0 361
0 362
0 363
0 85
0 86
1 65
1 66
1 67
1 65
1 66
1 67
1 65
1 66
1 67
1 140
1 141
2 100
2 101
2 102
2 100
2 101
2 102
2 100
2 101
2 102
2 18
2 19
3 282
3 283
3 284
3 282
3 283
3 284
3 282
3 283
3 284
3 121
3 122
4 370
4 371
4 372
4 370
4 371
4 372
4 370
4 371
4 372
4 5
4 6
5 12
5 13
5 14
5 12
5 13
5 14
5 12
5 13
5 14
5 143
5 144
6 45
6 46
6 47
6 45
6 46
6 47
6 45
6 46
6 47
6 136
6 137
7 603
7 604
7 605
7 603
7 604
7 605
7 603
7 604
7 605
7 439
7 440
8 217
8 218
8 219
8 217
8 218
8 219
8 217
8 218
8 219
8 332
8 333
9 233
9 234
9 235
9 233
9 234
9 235
9 233
9 234
9 235
9 192
9 193
0 361
0 362
0 363
0 361
0 362
0 363
0 361
0 362
0 363
0 471
0 472
1 65
1 66
1 67
1 65
1 66
1 67
1 65
1 66
1 67
1 242
1 243
2 100
2 101
2 102
2 100
2 101
2 102
2 100
2 101
2 102
2 93
2 94
3 282
3 283
3 284
3 282
3 283
3 284
3 282
3 283
3 284
3 206
3 207
4 370
4 371
4 372
4 370
4 371
4 372
4 370
4 371
4 372
4 438
4 439
5 12
5 13
5 14
5 12
5 13
5 14
5 12
5 13
5 14
5 320
5 321
6 45
6 46
6 47
6 45
6 46
6 47
6 45
6 46
6 47
6 53
6 54
7 603
7 604
7 605
7 603
7 604
7 605
7 603
7 604
7 605
7 267
7 268
8 217
8 218
8 219
8 217
8 218
8 219
8 217
8 218
8 219
8 323
8 324
9 233
9 234
9 235
9 233
9 234
9 235
9 233
9 234
9 235
9 137
9 138
0 361
0 362
0 363
0 361
0 362
0 363
0 361
0 362
0 363
0 361
0 362
1 65
1 66
1 67
1 65
1 66
1 67
1 65
1 66
1 67
1 86
1 87
2 100
2 101
2 102
2 100
2 101
2 102
2 100
2 101
2 102
2 135
2 136
3 282
3 283
3 284
3 282
3 283
3 284
3 282
3 283
3 284
3 293
3 294
4 370
4 371
4 372
4 370
4 371
4 372
4 370
4 371
4 372
4 221
4 222
5 12
5 13
5 14
5 12
5 13
5 14
5 12
5 13
5 14
5 93
5 94
6 45
6 46
6 47
6 45
6 46
6 47
6 45
6 46
6 47
6 369
6 370
7 603
7 604
7 605
7 603
7 604
7 605
7 603
7 604
7 605
7 370
7 371
8 217
8 218
8 219
8 217
8 218
8 219
8 217
8 218
8 219
8 192
8 193
9 233
9 234
9 235
9 233
9 234
9 235
9 233
9 234
9 235
9 270
9 271
0 361
0 362
0 363
0 361
0 362
0 363
0 361
0 362
0 363
0 439
0 440
1 65
1 66
1 67
1 65
1 66
1 67
1 65
1 66
1 67
1 219
1 220
2 100
2 101
2 102
2 100
2 101
2 102
2 100
2 101
2 102
2 313
2 314
3 282
3 283
3 284
3 282
3 283
3 284
3 282
3 283
3 284
3 257
3 258
4 370
4 371
4 372
4 370
4 371
4 372
4 370
4 371
4 372
4 443
4 444
5 12
5 13
5 14
5 12
5 13
5 14
5 12
5 13
5 14
5 168
5 169
6 45
6 46
6 47
6 45
6 46
6 47
6 45
6 46
6 47
6 202
6 203
7 603
7 604
7 605
7 603
7 604
7 605
7 603
7 604
7 605
7 529
7 530
8 217
8 218
8 219
8 217
8 218
8 219
8 217
8 218
8 219
8 149
8 150
9 233
9 234
9 235
9 233
9 234
9 235
9 233
9 234
9 235
9 310
9 311
0 361
0 362
0 363
0 361
0 362
0 363
0 361
0 362
0 363
0 23
0 24
1 65
1 66
1 67
1 65
1 66
1 67
1 65
1 66
1 67
1 230
1 231
2 100
2 101
2 102
2 100
2 101
2 102
2 100
2 101
2 102
2 4
2 5
3 282
3 283
3 284
3 282
3 283
3 284
3 282
3 283
3 284
3 68
3 69
4 370
4 371
4 372
4 370
4 371
4 372
4 370
4 371
4 372
4 37
4 38
5 12
5 13
5 14
5 12
5 13
5 14
5 12
5 13
5 14
5 343
5 344
6 45
6 46
6 47
6 45
6 46
6 47
6 45
6 46
6 47
6 50
6 51
7 603
7 604
7 605
7 603
7 604
7 605
7 603
7 604
7 605
7 562
7 563
8 217
8 218
8 219
8 217
8 218
8 219
8 217
8 218
8 219
8 32
8 33
9 233
9 234
9 235
9 233
9 234
9 235
9 233
9 234
9 235
9 378
9 379
0 361
0 362
0 363
0 361
0 362
0 363
0 361
0 362
0 363
0 349
0 350
1 65
1 66
1 67
1 65
1 66
1 67
1 65
1 66
1 67
1 23
1 24
2 100
2 101
2 102
2 100
2 101
2 102
2 100
2 101
2 102
2 116
2 117
3 282
3 283
3 284
3 282
3 283
3 284
3 282
3 283
3 284
3 37
3 38
4 370
4 371
4 372
4 370
4 371
4 372
4 370
4 371
4 372
4 466
4 467
5 12
5 13
5 14
5 12
5 13
5 14
5 12
5 13
5 14
5 238
5 239
6 45
6 46
6 47
6 45
6 46
6 47
6 45
6 46
6 47
6 32
6 33
7 603
7 604
7 605
7 603
7 604
7 605
7 603
7 604
7 605
7 56
7 57
8 217
8 218
8 219
8 217
8 218
8 219
8 217
8 218
8 219
8 270
8 271
9 233
9 234
9 235
9 233
9 234
9 235
9 233
9 234
9 235
9 366
9 367
0 228
0 229
0 230
0 228
0 229
0 230
0 228
0 229
0 230
0 422
0 423
1 100
1 101
1 102
1 100
1 101
1 102
1 100
1 101
1 102
1 184
1 185
2 235
2 236
2 237
2 235
2 236
2 237
2 235
2 236
2 237
2 153
2 154
3 141
3 142
3 143
3 141
3 142
3 143
3 141
3 142
3 143
3 126
3 127
4 57
4 58
4 59
4 57
4 58
4 59
4 57
4 58
4 59
4 2
4 3
5 328
5 329
5 330
5 328
5 329
5 330
5 328
5 329
5 330
5 142
5 143
6 341
6 342
6 343
6 341
6 342
6 343
6 341
6 342
6 343
6 349
6 350
7 360
7 361
7 362
7 360
7 361
7 362
7 360
7 361
7 362
7 292
7 293
8 64
8 65
8 66
8 64
8 65
8 66
8 64
8 65
8 66
8 121
8 122
9 271
9 272
9 273
9 271
9 272
9 273
9 271
9 272
9 273
9 482
9 483
0 228
0 229
0 230
0 228
0 229
0 230
0 228
0 229
0 230
0 272
0 273
1 100
1 101
1 102
1 100
1 101
1 102
1 100
1 101
1 102
1 108
1 109
2 235
2 236
2 237
2 235
2 236
2 237
2 235
2 236
2 237
2 7
2 8
3 141
3 142
3 143
3 141
3 142
3 143
3 141
3 142
3 143
3 289
3 290
4 57
4 58
4 59
4 57
4 58
4 59
4 57
4 58
4 59
4 295
4 296
5 328
5 329
5 330
5 328
5 329
5 330
5 328
5 329
5 330
5 276
5 277
6 341
6 342
6 343
6 341
6 342
6 343
6 341
6 342
6 343
6 279
6 280
7 360
7 361
7 362
7 360
7 361
7 362
7 360
7 361
7 362
7 377
7 378
8 64
8 65
8 66
8 64
8 65
8 66
8 64
8 65
8 66
8 329
8 330
9 271
9 272
9 273
9 271
9 272
9 273
9 271
9 272
9 273
9 339
9 340
0 228
0 229
0 230
0 228
0 229
0 230
0 228
0 229
0 230
0 195
0 196
1 100
1 101
1 102
1 100
1 101
1 102
1 100
1 101
1 102
1 62
1 63
2 235
2 236
2 237
2 235
2 236
2 237
2 235
2 236
2 237
2 339
2 340
3 141
3 142
3 143
3 141
3 142
3 143
3 141
3 142
3 143
3 30
3 31
4 57
4 58
4 59
4 57
4 58
4 59
4 57
4 58
4 59
4 556
4 557
5 328
5 329
5 330
5 328
5 329
5 330
5 328
5 329
5 330
5 299
5 300
6 341
6 342
6 343
6 341
6 342
6 343
6 341
6 342
6 343
6 1
6 2
7 360
7 361
7 362
7 360
7 361
7 362
7 360
7 361
7 362
7 619
7 620
8 64
8 65
8 66
8 64
8 65
8 66
8 64
8 65
8 66
8 156
8 157
9 271
9 272
9 273
9 271
9 272
9 273
9 271
9 272
9 273
9 472
9 473
0 228
0 229
0 230
0 228
0 229
0 230
0 228
0 229
0 230
0 242
0 243
1 100
1 101
1 102
1 100
1 101
1 102
1 100
1 101
1 102
1 33
1 34
2 235
2 236
2 237
2 235
2 236
2 237
2 235
2 236
2 237
2 207
2 208
3 141
3 142
3 143
3 141
3 142
3 143
3 141
3 142
3 143
3 96
3 97
4 57
4 58
4 59
4 57
4 58
4 59
4 57
4 58
4 59
4 109
4 110
5 328
5 329
5 330
5 328
5 329
5 330
5 328
5 329
5 330
5 211
5 212
6 341
6 342
6 343
6 341
6 342
6 343
6 341
6 342
6 343
6 380
6 381
7 360
7 361
7 362
7 360
7 361
7 362
7 360
7 361
7 362
7 181
7 182
8 64
8 65
8 66
8 64
8 65
8 66
8 64
8 65
8 66
8 46
8 47
9 271
9 272
9 273
9 271
9 272
9 273
9 271
9 272
9 273
9 297
9 298
0 228
0 229
0 230
0 228
0 229
0 230
0 228
0 229
0 230
0 365
0 366
1 100
1 101
1 102
1 100
1 101
1 102
1 100
1 101
1 102
1 130
1 131
2 235
2 236
2 237
2 235
2 236
2 237
2 235
2 236
2 237
2 5
2 6
3 141
3 142
3 143
3 141
3 142
3 143
3 141
3 142
3 143
3 224
3 225
4 57
4 58
4 59
4 57
4 58
4 59
4 57
4 58
4 59
4 569
4 570
5 328
5 329
5 330
5 328
5 329
5 330
5 328
5 329
5 330
5 102
5 103
6 341
6 342
6 343
6 341
6 342
6 343
6 341
6 342
6 343
6 120
6 121
7 360
7 361
7 362
7 360
7 361
7 362
7 360
7 361
7 362
7 150
7 151
8 64
8 65
8 66
8 64
8 65
8 66
8 64
8 65
8 66
8 46
8 47
9 271
9 272
9 273
9 271
9 272
9 273
9 271
9 272
9 273
9 336
9 337
0 228
0 229
0 230
0 228
0 229
0 230
0 228
0 229
0 230
0 492
0 493
1 100
1 101
1 102
1 100
1 101
1 102
1 100
1 101
1 102
1 176
1 177
2 235
2 236
2 237
2 235
2 236
2 237
2 235
2 236
2 237
2 299
2 300
3 141
3 142
3 143
3 141
3 142
3 143
3 141
3 142
3 143
3 283
3 284
4 57
4 58
4 59
4 57
4 58
4 59
4 57
4 58
4 59
4 258
4 259
5 328
5 329
5 330
5 328
5 329
5 330
5 328
5 329
5 330
5 257
5 258
6 341
6 342
6 343
6 341
6 342
6 343
6 341
6 342
6 343
6 352
6 353
7 360
7 361
7 362
7 360
7 361
7 362
7 360
7 361
7 362
7 219
7 220
8 64
8 65
8 66
8 64
8 65
8 66
8 64
8 65
8 66
8 208
8 209
9 271
9 272
9 273
9 271
9 272
9 273
9 271
9 272
9 273
9 145
9 146
0 228
0 229
0 230
0 228
0 229
0 230
0 228
0 229
0 230
0 292
0 293
1 100
1 101
1 102
1 100
1 101
1 102
1 100
1 101
1 102
1 71
1 72
2 235
2 236
2 237
2 235
2 236
2 237
2 235
2 236
2 237
2 280
2 281
3 141
3 142
3 143
3 141
3 142
3 143
3 141
3 142
3 143
3 151
3 152
4 57
4 58
4 59
4 57
4 58
4 59
4 57
4 58
4 59
4 369
4 370
5 328
5 329
5 330
5 328
5 329
5 330
5 328
5 329
5 330
5 140
5 141
6 341
6 342
6 343
6 341
6 342
6 343
6 341
6 342
6 343
6 402
6 403
7 360
7 361
7 362
7 360
7 361
7 362
7 360
7 361
7 362
7 211
7 212
8 64
8 65
8 66
8 64
8 65
8 66
8 64
8 65
8 66
8 13
8 14
9 271
9 272
9 273
9 271
9 272
9 273
9 271
9 272
9 273
9 470
9 471
0 228
0 229
0 230
0 228
0 229
0 230
0 228
0 229
0 230
0 158
0 159
1 100
1 101
1 102
1 100
1 101
1 102
1 100
1 101
1 102
1 190
1 191
2 235
2 236
2 237
2 235
2 236
2 237
2 235
2 236
2 237
2 301
2 302
3 141
3 142
3 143
3 141
3 142
3 143
3 141
3 142
3 143
3 15
3 16
4 57
4 58
4 59
4 57
4 58
4 59
4 57
4 58
4 59
4 314
4 315
5 328
5 329
5 330
5 328
5 329
5 330
5 328
5 329
5 330
5 222
5 223
6 341
6 342
6 343
6 341
6 342
6 343
6 341
6 342
6 343
6 339
6 340
7 360
7 361
7 362
7 360
7 361
7 362
7 360
7 361
7 362
7 415
7 416
8 64
8 65
8 66
8 64
8 65
8 66
8 64
8 65
8 66
8 243
8 244
9 271
9 272
9 273
9 271
9 272
9 273
9 271
9 272
9 273
9 400
9 401
0 228
0 229
0 230
0 228
0 229
0 230
0 228
0 229
0 230
0 301
0 302
1 100
1 101
1 102
1 100
1 101
1 102
1 100
1 101
1 102
1 15
1 16
2 235
2 236
2 237
2 235
2 236
2 237
2 235
2 236
2 237
2 228
2 229
3 141
3 142
3 143
3 141
3 142
3 143
3 141
3 142
3 143
3 52
3 53
4 57
4 58
4 59
4 57
4 58
4 59
4 57
4 58
4 59
4 498
4 499
5 328
5 329
5 330
5 328
5 329
5 330
5 328
5 329
5 330
5 237
5 238
6 341
6 342
6 343
6 341
6 342
6 343
6 341
6 342
6 343
6 181
6 182
7 360
7 361
7 362
7 360
7 361
7 362
7 360
7 361
7 362
7 583
7 584
8 64
8 65
8 66
8 64
8 65
8 66
8 64
8 65
8 66
8 36
8 37
9 271
9 272
9 273
9 271
9 272
9 273
9 271
9 272
9 273
9 342
9 343
0 228
0 229
0 230
0 228
0 229
0 230
0 228
0 229
0 230
0 280
0 281
1 100
1 101
1 102
1 100
1 101
1 102
1 100
1 101
1 102
1 200
1 201
2 235
2 236
2 237
2 235
2 236
2 237
2 235
2 236
2 237
2 363
2 364
3 141
3 142
3 143
3 141
3 142
3 143
3 141
3 142
3 143
3 161
3 162
4 57
4 58
4 59
4 57
4 58
4 59
4 57
4 58
4 59
4 153
4 154
5 328
5 329
5 330
5 328
5 329
5 330
5 328
5 329
5 330
5 134
5 135
6 341
6 342
6 343
6 341
6 342
6 343
6 341
6 342
6 343
6 123
6 124
7 360
7 361
7 362
7 360
7 361
7 362
7 360
7 361
7 362
7 516
7 517
8 64
8 65
8 66
8 64
8 65
8 66
8 64
8 65
8 66
8 150
8 151
9 271
9 272
9 273
9 271
9 272
9 273
9 271
9 272
9 273
9 226
9 227
0 228
0 229
0 230
0 228
0 229
0 230
0 228
0 229
0 230
0 38
0 39
1 100
1 101
1 102
1 100
1 101
1 102
1 100
1 101
1 102
1 6
1 7
2 235
2 236
2 237
2 235
2 236
2 237
2 235
2 236
2 237
2 118
2 119
3 141
3 142
3 143
3 141
3 142
3 143
3 141
3 142
3 143
3 239
3 240
4 57
4 58
4 59
4 57
4 58
4 59
4 57
4 58
4 59
4 73
4 74
5 328
5 329
5 330
5 328
5 329
5 330
5 328
5 329
5 330
5 82
5 83
6 341
6 342
6 343
6 341
6 342
6 343
6 341
6 342
6 343
6 182
6 183
7 360
6 343
6 341
6 342
6 343
6 334
6 335
7 360
7 361
7 362
7 360
7 361
7 362
7 360
7 361
7 362
7 535
7 536
8 64
8 65
8 66
8 64
8 65
8 66
8 64
8 65
8 66
8 189
8 190
9 271
9 272
9 273
9 271
9 272
9 273
9 271
9 272
9 273
9 414
9 415
0 228
0 229
0 230
0 228
0 229
0 230
0 228
0 229
0 230
0 174
0 175
1 100
1 101
1 102
1 100
1 101
1 102
1 100
1 101
1 102
1 131
1 132
2 235
2 236
2 237
2 235
2 236
2 237
2 235
2 236
2 237
2 217
2 218
3 141
3 142
3 143
3 141
3 142
3 143
3 141
3 142
3 143
3 278
3 279
4 57
4 58
4 59
4 57
4 58
4 59
4 57
4 58
4 59
4 55
4 56
5 328
5 329
5 330
5 328
5 329
5 330
5 328
5 329
5 330
5 24
5 25
6 341
6 342
6 343
6 341
6 342
6 343
6 341
6 342
6 343
6 373
6 374
7 360
7 361
7 362
7 360
7 361
7 362
7 360
7 361
7 362
7 268
7 269
8 64
8 65
8 66
8 64
8 65
8 66
8 64
8 65
8 66
8 220
8 221
9 271
9 272
9 273
9 271
9 272
9 273
9 271
9 272
9 273
9 172
9 173
0 228
0 229
0 230
0 228
0 229
0 230
0 228
0 229
0 230
0 88
0 89
1 100
1 101
1 102
1 100
1 101
1 102
1 100
1 101
1 102
1 158
1 159
2 235
2 236
2 237
